[0, 23, 0]
[0, 28, 0]
[0, 34, 0]
[1, 27, 0]
[2, 28, 0]
[2, 39, 0]
[3, 27, 0]
[3, 31, 0]
[3, 29, 0]
[4, 30, 0]
[5, 37, 0]
[5, 29, 0]
[5, 26, 0]
[6, 36, 0]
[6, 21, 0]
[7, 42, 0]
[7, 26, 0]
[9, 30, 0]
[9, 25, 0]
[9, 33, 0]
[10, 31, 0]
[12, 29, 0]
[14, 29, 0]
[14, 30, 0]
[16, 26, 0]
[19, 29, 0]
[19, 28, 0]
[19, 33, 0]
[20, 25, 0]
[21, 27, 0]
[21, 26, 0]
[21, 34, 0]
[23, 33, 0]
[24, 29, 0]
[24, 33, 0]
[24, 32, 0]
[26, 36, 0]
[26, 23, 0]
[29, 25, 0]
[31, 30, 0]
[32, 33, 0]
[34, 27, 0]
[35, 27, 0]
[35, 28, 0]
[36, 34, 0]
[36, 31, 0]
[37, 18, 0]
[39, 39, 0]
[40, 33, 0]
[40, 38, 0]
[46, 33, 0]
[46, 19, 0]
[47, 31, 0]
[49, 39, 0]
[49, 34, 0]
[49, 44, 0]
[51, 30, 0]
[51, 40, 0]
[51, 30, 0]
[52, 16, 0]
[53, 26, 0]
[53, 27, 0]
[53, 32, 0]
[56, 32, 0]
[56, 30, 0]
[58, 29, 0]
[58, 26, 0]
[58, 32, 0]
[60, 33, 0]
[60, 31, 0]
[60, 23, 0]
[61, 38, 0]
[62, 26, 0]
[62, 25, 0]
[62, 25, 0]
[64, 28, 0]
[64, 31, 0]
[64, 21, 0]
[65, 27, 0]
[67, 25, 0]
[67, 27, 0]
[71, 36, 0]
[72, 32, 0]
[72, 37, 0]
[73, 27, 0]
[73, 27, 0]
[73, 31, 0]
[74, 32, 0]
[75, 26, 0]
[76, 33, 0]
[76, 30, 0]
[76, 24, 0]
[77, 21, 0]
[78, 38, 0]
[78, 40, 0]
[78, 38, 0]
[79, 30, 0]
[79, 30, 0]
[79, 31, 0]
[80, 38, 0]
[80, 32, 0]
[80, 30, 0]
[81, 28, 0]
[81, 30, 0]
[82, 31, 0]
[83, 33, 0]
[83, 26, 0]
[84, 28, 0]
[85, 35, 0]
[85, 31, 0]
[86, 32, 0]
[88, 28, 0]
[88, 35, 0]
[90, 32, 0]
[90, 37, 0]
[90, 23, 0]
[92, 26, 0]
[92, 39, 0]
[94, 30, 0]
[94, 29, 0]
[95, 42, 0]
[95, 24, 0]
[95, 31, 0]
[96, 26, 0]
[98, 33, 0]
[100, 27, 0]
[101, 19, 0]
[101, 41, 0]
[102, 30, 0]
[102, 35, 0]
[102, 32, 0]
[103, 21, 0]
[103, 35, 0]
[105, 32, 0]
[105, 24, 0]
[106, 35, 0]
[106, 19, 0]
[106, 26, 0]
[107, 36, 0]
[107, 28, 0]
[109, 29, 0]
[110, 20, 0]
[111, 35, 0]
[112, 27, 0]
[112, 23, 0]
[112, 39, 0]
[113, 31, 0]
[114, 20, 0]
[115, 21, 0]
[115, 34, 0]
[115, 33, 0]
[116, 25, 0]
[116, 26, 0]
[117, 38, 0]
[117, 27, 0]
[117, 27, 0]
[119, 21, 0]
[120, 34, 0]
[120, 31, 0]
[121, 31, 0]
[121, 21, 0]
[121, 28, 0]
[122, 30, 0]
[122, 24, 0]
[124, 32, 0]
[124, 26, 0]
[126, 31, 0]
[126, 43, 0]
[126, 26, 0]
[127, 32, 0]
[128, 42, 0]
[128, 27, 0]
[128, 34, 0]
[129, 35, 0]
[129, 29, 0]
[130, 27, 0]
[130, 37, 0]
[130, 24, 0]
[135, 35, 0]
[135, 31, 0]
[136, 28, 0]
[136, 28, 0]
[138, 31, 0]
[140, 21, 0]
[140, 36, 0]
[141, 29, 0]
[141, 28, 0]
[141, 32, 0]
[142, 31, 0]
[143, 25, 0]
[143, 32, 0]
[144, 34, 0]
[144, 23, 0]
[144, 40, 0]
[145, 26, 0]
[146, 37, 0]
[147, 33, 0]
[147, 34, 0]
[147, 21, 0]
[148, 23, 0]
[149, 36, 0]
[149, 35, 0]
[150, 36, 0]
[150, 29, 0]
[152, 30, 0]
[152, 23, 0]
[152, 30, 0]
[153, 30, 0]
[154, 31, 0]
[154, 21, 0]
[156, 38, 0]
[158, 30, 0]
[161, 30, 0]
[161, 35, 0]
[164, 27, 0]
[164, 27, 0]
[164, 27, 0]
[165, 24, 0]
[165, 25, 0]
[169, 31, 0]
[169, 31, 0]
[171, 30, 0]
[171, 31, 0]
[171, 39, 0]
[173, 25, 0]
[173, 26, 0]
[173, 25, 0]
[175, 25, 0]
[175, 33, 0]
[175, 23, 0]
[176, 30, 0]
[176, 33, 0]
[177, 29, 0]
[177, 33, 0]
[178, 35, 0]
[178, 30, 0]
[179, 23, 0]
[180, 23, 0]
[181, 27, 0]
[181, 24, 0]
[182, 31, 0]
[182, 38, 0]
[182, 28, 0]
[183, 26, 0]
[183, 24, 0]
[183, 34, 0]
[184, 28, 0]
[186, 27, 0]
[186, 26, 0]
[186, 28, 0]
[187, 40, 0]
[187, 26, 0]
[189, 42, 0]
[189, 42, 0]
[190, 31, 0]
[190, 25, 0]
[190, 35, 0]
[192, 36, 0]
[192, 33, 0]
[192, 21, 0]
[194, 29, 0]
[196, 30, 0]
[199, 23, 0]
[200, 24, 0]
[203, 28, 0]
[204, 29, 0]
[204, 28, 0]
[204, 24, 0]
[208, 25, 0]
[208, 26, 0]
[208, 27, 0]
[209, 27, 0]
[210, 35, 0]
[210, 41, 0]
[210, 26, 0]
[211, 43, 0]
[211, 27, 0]
[211, 31, 0]
[212, 27, 0]
[213, 25, 0]
[213, 29, 0]
[213, 22, 0]
[216, 28, 0]
[217, 26, 0]
[217, 26, 0]
[218, 25, 0]
[218, 27, 0]
[218, 24, 0]
[219, 29, 0]
[219, 28, 0]
[219, 32, 0]
[220, 32, 0]
[220, 28, 0]
[220, 27, 0]
[222, 30, 0]
[222, 29, 0]
[224, 29, 0]
[224, 37, 0]
[225, 25, 0]
[225, 34, 0]
[227, 30, 0]
[227, 33, 0]
[228, 28, 0]
[228, 30, 0]
[229, 39, 0]
[229, 33, 0]
[229, 19, 0]
[230, 27, 0]
[233, 26, 0]
[236, 37, 0]
[236, 38, 0]
[237, 21, 0]
[237, 26, 0]
[237, 25, 0]
[239, 37, 0]
[240, 30, 0]
[240, 29, 0]
[240, 20, 0]
[243, 30, 0]
[243, 26, 0]
[244, 19, 0]
[244, 30, 0]
[244, 30, 0]
[245, 31, 0]
[245, 36, 0]
[245, 27, 0]
[246, 29, 0]
[247, 35, 0]
[247, 34, 0]
[248, 36, 0]
[249, 29, 0]
[249, 30, 0]
[249, 29, 0]
[250, 34, 0]
[250, 32, 0]
[250, 34, 0]
[251, 31, 0]
[251, 26, 0]
[257, 27, 0]
[257, 33, 0]
[257, 26, 0]
[259, 24, 0]
[259, 27, 0]
[259, 29, 0]
[260, 38, 0]
[260, 19, 0]
[262, 23, 0]
[262, 29, 0]
[262, 32, 0]
[264, 23, 0]
[266, 25, 0]
[266, 29, 0]
[266, 27, 0]
[267, 32, 0]
[268, 27, 0]
[268, 26, 0]
[268, 28, 0]
[270, 26, 0]
[270, 30, 0]
[270, 21, 0]
[271, 22, 0]
[271, 24, 0]
[272, 25, 0]
[272, 34, 0]
[275, 34, 0]
[275, 25, 0]
[276, 23, 0]
[277, 33, 0]
[277, 33, 0]
[278, 31, 0]
[278, 28, 0]
[281, 31, 0]
[282, 40, 0]
[282, 28, 0]
[282, 31, 0]
[286, 32, 0]
[287, 24, 0]
[287, 33, 0]
[289, 35, 0]
[291, 23, 0]
[291, 29, 0]
[291, 32, 0]
[293, 26, 0]
[293, 33, 0]
[293, 33, 0]
[294, 30, 0]
[294, 25, 0]
[294, 25, 0]
[295, 34, 0]
[295, 29, 0]
[296, 27, 0]
[296, 36, 0]
[296, 33, 0]
[298, 29, 0]
[298, 30, 0]
[300, 36, 0]
[301, 24, 0]
[303, 34, 0]
[303, 30, 0]
[303, 30, 0]
[304, 21, 0]
[305, 17, 0]
[307, 39, 0]
[308, 33, 0]
[311, 26, 0]
[311, 26, 0]
[313, 40, 0]
[313, 28, 0]
[313, 31, 0]
[314, 23, 0]
[314, 30, 0]
[315, 39, 0]
[316, 23, 0]
[316, 35, 0]
[316, 32, 0]
[317, 34, 0]
[319, 25, 0]
[320, 28, 0]
[320, 34, 0]
[320, 31, 0]
[321, 30, 0]
[321, 26, 0]
[321, 32, 0]
[322, 34, 0]
[325, 36, 0]
[325, 31, 0]
[326, 34, 0]
[326, 29, 0]
[328, 31, 0]
[329, 32, 0]
[329, 29, 0]
[329, 21, 0]
[331, 28, 0]
[331, 35, 0]
[332, 30, 0]
[332, 34, 0]
[332, 18, 0]
[334, 19, 0]
[335, 25, 0]
[336, 28, 0]
[337, 27, 0]
[338, 30, 0]
[338, 33, 0]
[338, 31, 0]
[339, 25, 0]
[339, 32, 0]
[339, 35, 0]
[340, 28, 0]
[342, 26, 0]
[343, 30, 0]
[343, 35, 0]
[343, 29, 0]
[344, 20, 0]
[344, 26, 0]
[344, 28, 0]
[345, 23, 0]
[347, 27, 0]
[347, 32, 0]
[347, 35, 0]
[348, 35, 0]
[348, 31, 0]
[348, 30, 0]
[350, 32, 0]
[355, 30, 0]
[355, 29, 0]
[355, 39, 0]
[356, 29, 0]
[357, 28, 0]
[357, 30, 0]
[359, 23, 0]
[359, 24, 0]
[360, 32, 0]
[360, 27, 0]
[362, 35, 0]
[363, 35, 0]
[363, 39, 0]
[364, 28, 0]
[364, 34, 0]
[365, 24, 0]
[365, 35, 0]
[366, 16, 0]
[367, 19, 0]
[368, 28, 0]
[369, 40, 0]
[370, 27, 0]
[370, 25, 0]
[372, 24, 0]
[372, 33, 0]
[372, 32, 0]
[373, 31, 0]
[373, 25, 0]
[373, 23, 0]
[375, 37, 0]
[375, 30, 0]
[375, 28, 0]
[379, 33, 0]
[380, 26, 0]
[383, 27, 0]
[383, 32, 0]
[383, 26, 0]
[386, 34, 0]
[389, 21, 0]
[389, 20, 0]
[389, 26, 0]
[390, 26, 0]
[391, 28, 0]
[391, 24, 0]
[394, 26, 0]
[394, 32, 0]
[394, 29, 0]
[396, 28, 0]
[397, 24, 0]
[400, 31, 0]
[400, 25, 0]
[402, 30, 0]
[402, 21, 0]
[402, 26, 0]
[403, 26, 0]
[403, 26, 0]
[403, 24, 0]
[404, 31, 0]
[404, 35, 0]
[407, 29, 0]
[407, 39, 0]
[407, 24, 0]
[409, 33, 0]
[409, 23, 0]
[409, 25, 0]
[410, 26, 0]
[410, 30, 0]
[412, 28, 0]
[412, 31, 0]
[414, 28, 0]
[414, 40, 0]
[416, 15, 0]
[416, 24, 0]
[416, 26, 0]
[419, 24, 0]
[419, 33, 0]
[420, 31, 0]
[420, 29, 0]
[422, 36, 0]
[422, 37, 0]
[425, 28, 0]
[425, 24, 0]
[426, 31, 0]
[426, 37, 0]
[426, 28, 0]
[427, 35, 0]
[427, 28, 0]
[428, 34, 0]
[428, 27, 0]
[428, 22, 0]
[429, 30, 0]
[429, 20, 0]
[430, 30, 0]
[430, 31, 0]
[431, 30, 0]
[431, 29, 0]
[432, 29, 0]
[433, 31, 0]
[435, 31, 0]
[435, 30, 0]
[435, 30, 0]
[436, 27, 0]
[436, 32, 0]
[436, 27, 0]
[438, 31, 0]
[441, 25, 0]
[441, 25, 0]
[442, 41, 0]
[443, 31, 0]
[444, 34, 0]
[444, 19, 0]
[446, 24, 0]
[447, 41, 0]
[447, 32, 0]
[447, 21, 0]
[448, 29, 0]
[448, 33, 0]
[448, 32, 0]
[449, 24, 0]
[449, 20, 0]
[449, 25, 0]
[450, 23, 0]
[450, 27, 0]
[452, 20, 0]
[452, 27, 0]
[453, 38, 0]
[453, 20, 0]
[453, 32, 0]
[454, 32, 0]
[455, 38, 0]
[455, 31, 0]
[457, 26, 0]
[458, 32, 0]
[459, 26, 0]
[459, 29, 0]
[459, 23, 0]
[460, 32, 0]
[460, 32, 0]
[461, 30, 0]
[461, 28, 0]
[461, 30, 0]
[463, 26, 0]
[463, 38, 0]
[463, 37, 0]
[466, 25, 0]
[467, 29, 0]
[469, 38, 0]
[470, 40, 0]
[470, 28, 0]
[472, 26, 0]
[472, 33, 0]
[472, 29, 0]
[474, 30, 0]
[474, 27, 0]
[478, 33, 0]
[478, 23, 0]
[478, 29, 0]
[479, 37, 0]
[479, 25, 0]
[480, 27, 0]
[480, 36, 0]
[481, 38, 0]
[482, 30, 0]
[482, 27, 0]
[483, 28, 0]
[484, 31, 0]
[484, 27, 0]
[485, 32, 0]
[486, 26, 0]
[488, 28, 0]
[488, 28, 0]
[489, 30, 0]
[489, 26, 0]
[491, 27, 0]
[491, 24, 0]
[491, 30, 0]
[493, 29, 0]
[493, 29, 0]
[493, 29, 0]
[495, 29, 0]
[495, 27, 0]
[495, 30, 0]
[497, 24, 0]
[497, 32, 0]
[497, 41, 0]
[498, 35, 0]
[498, 31, 0]
[499, 29, 0]
[499, 37, 0]
[499, 34, 0]
[501, 32, 0]
[502, 30, 0]
[502, 34, 0]
[503, 32, 0]
[503, 31, 0]
[503, 28, 0]
[504, 28, 0]
[504, 32, 0]
[506, 36, 0]
[507, 27, 0]
[507, 21, 0]
[507, 27, 0]
[508, 27, 0]
[509, 24, 0]
[509, 29, 0]
[510, 24, 0]
[510, 26, 0]
[513, 19, 0]
[513, 24, 0]
[514, 27, 0]
[514, 25, 0]
[515, 25, 0]
[516, 23, 0]
[517, 29, 0]
[518, 19, 0]
[519, 25, 0]
[519, 27, 0]
[522, 29, 0]
[522, 26, 0]
[523, 19, 0]
[523, 29, 0]
[523, 31, 0]
[524, 24, 0]
[524, 30, 0]
[527, 31, 0]
[527, 34, 0]
[527, 22, 0]
[528, 32, 0]
[528, 32, 0]
[528, 40, 0]
[530, 18, 0]
[530, 30, 0]
[531, 31, 0]
[531, 22, 0]
[531, 30, 0]
[532, 32, 0]
[532, 31, 0]
[532, 34, 0]
[533, 25, 0]
[533, 29, 0]
[533, 34, 0]
[534, 29, 0]
[537, 33, 0]
[537, 23, 0]
[537, 30, 0]
[539, 26, 0]
[539, 28, 0]
[539, 34, 0]
[543, 27, 0]
[545, 29, 0]
[550, 25, 0]
[550, 30, 0]
[550, 29, 0]
[551, 32, 0]
[552, 30, 0]
[552, 29, 0]
[552, 40, 0]
[553, 30, 0]
[553, 30, 0]
[553, 31, 0]
[554, 37, 0]
[554, 36, 0]
[555, 24, 0]
[557, 32, 0]
[559, 29, 0]
[559, 29, 0]
[559, 28, 0]
[560, 31, 0]
[560, 26, 0]
[560, 29, 0]
[561, 29, 0]
[561, 22, 0]
[561, 22, 0]
[564, 31, 0]
[565, 26, 0]
[566, 22, 0]
[566, 26, 0]
[566, 33, 0]
[567, 34, 0]
[569, 25, 0]
[571, 30, 0]
[571, 31, 0]
[571, 28, 0]
[572, 30, 0]
[573, 29, 0]
[573, 35, 0]
[574, 25, 0]
[574, 36, 0]
[574, 31, 0]
[575, 32, 0]
[576, 34, 0]
[576, 38, 0]
[577, 31, 0]
[577, 33, 0]
[577, 27, 0]
[578, 34, 0]
[578, 40, 0]
[579, 35, 0]
[581, 36, 0]
[582, 30, 0]
[584, 36, 0]
[585, 25, 0]
[585, 29, 0]
[585, 30, 0]
[586, 34, 0]
[586, 34, 0]
[587, 33, 0]
[587, 24, 0]
[588, 36, 0]
[588, 25, 0]
[588, 34, 0]
[589, 34, 0]
[589, 35, 0]
[590, 26, 0]
[590, 35, 0]
[592, 29, 0]
[594, 30, 0]
[594, 30, 0]
[594, 34, 0]
[596, 31, 0]
[596, 32, 0]
[596, 26, 0]
[597, 33, 0]
[597, 35, 0]
[597, 28, 0]
[598, 28, 0]
[598, 26, 0]
[598, 30, 0]
[600, 21, 0]
[600, 35, 0]
[600, 27, 0]
[601, 23, 0]
[605, 26, 0]
[606, 26, 0]
[606, 26, 0]
[606, 32, 0]
[607, 24, 0]
[607, 31, 0]
[608, 26, 0]
[608, 32, 0]
[608, 34, 0]
[609, 44, 0]
[610, 23, 0]
[610, 30, 0]
[610, 26, 0]
[611, 35, 0]
[611, 21, 0]
[613, 25, 0]
[613, 38, 0]
[615, 29, 0]
[615, 28, 0]
[616, 35, 0]
[617, 26, 0]
[618, 33, 0]
[619, 27, 0]
[623, 30, 0]
[624, 32, 0]
[624, 25, 0]
[624, 35, 0]
[626, 30, 0]
[626, 25, 0]
[628, 29, 0]
[628, 31, 0]
[630, 33, 0]
[630, 24, 0]
[631, 27, 0]
[633, 38, 0]
[635, 28, 0]
[635, 31, 0]
[636, 30, 0]
[636, 31, 0]
[640, 39, 0]
[640, 31, 0]
[640, 30, 0]
[642, 36, 0]
[642, 27, 0]
[643, 28, 0]
[644, 24, 0]
[644, 37, 0]
[645, 30, 0]
[645, 30, 0]
[646, 23, 0]
[646, 18, 0]
[646, 26, 0]
[649, 33, 0]
[650, 24, 0]
[652, 24, 0]
[652, 21, 0]
[652, 36, 0]
[653, 32, 0]
[653, 34, 0]
[653, 29, 0]
[655, 30, 0]
[655, 30, 0]
[657, 28, 0]
[657, 26, 0]
[657, 33, 0]
[658, 32, 0]
[658, 33, 0]
[661, 30, 0]
[661, 32, 0]
[663, 29, 0]
[663, 34, 0]
[663, 34, 0]
[665, 23, 0]
[665, 30, 0]
[665, 29, 0]
[666, 25, 0]
[667, 31, 0]
[668, 26, 0]
[669, 29, 0]
[669, 27, 0]
[670, 29, 0]
[670, 29, 0]
[673, 31, 0]
[673, 41, 0]
[673, 32, 0]
[674, 32, 0]
[675, 24, 0]
[676, 26, 0]
[677, 32, 0]
[677, 35, 0]
[677, 25, 0]
[678, 36, 0]
[678, 27, 0]
[680, 26, 0]
[680, 30, 0]
[680, 28, 0]
[681, 31, 0]
[682, 32, 0]
[684, 31, 0]
[685, 32, 0]
[686, 35, 0]
[686, 20, 0]
[686, 33, 0]
[687, 20, 0]
[689, 24, 0]
[690, 35, 0]
[690, 27, 0]
[690, 37, 0]
[691, 31, 0]
[691, 31, 0]
[692, 30, 0]
[694, 33, 0]
[694, 24, 0]
[694, 24, 0]
[695, 32, 0]
[696, 31, 0]
[696, 23, 0]
[696, 29, 0]
[700, 28, 0]
[700, 36, 0]
[700, 37, 0]
[702, 35, 0]
[702, 24, 0]
[702, 28, 0]
[704, 26, 0]
[704, 27, 0]
[704, 26, 0]
[705, 30, 0]
[705, 32, 0]
[707, 27, 0]
[707, 37, 0]
[707, 24, 0]
[709, 33, 0]
[709, 30, 0]
[709, 30, 0]
[710, 27, 0]
[712, 28, 0]
[712, 27, 0]
[712, 26, 0]
[714, 35, 0]
[717, 28, 0]
[718, 36, 0]
[719, 30, 0]
[719, 26, 0]
[719, 28, 0]
[720, 31, 0]
[720, 28, 0]
[721, 32, 0]
[721, 36, 0]
[722, 21, 0]
[722, 26, 0]
[724, 17, 0]
[724, 34, 0]
[724, 33, 0]
[727, 27, 0]
[727, 19, 0]
[727, 24, 0]
[728, 34, 0]
[730, 28, 0]
[730, 30, 0]
[732, 29, 0]
[732, 31, 0]
[732, 22, 0]
[733, 28, 0]
[734, 23, 0]
[734, 29, 0]
[735, 35, 0]
[735, 37, 0]
[736, 38, 0]
[737, 32, 0]
[737, 25, 0]
[740, 21, 0]
[740, 27, 0]
[741, 20, 0]
[741, 27, 0]
[741, 29, 0]
[742, 27, 0]
[744, 31, 0]
[744, 41, 0]
[745, 27, 0]
[747, 32, 0]
[747, 19, 0]
[748, 25, 0]
[748, 30, 0]
[748, 39, 0]
[749, 37, 0]
[749, 21, 0]
[749, 33, 0]
[750, 34, 0]
[750, 24, 0]
[750, 35, 0]
[751, 33, 0]
[751, 33, 0]
[752, 26, 0]
[756, 34, 0]
[756, 38, 0]
[756, 34, 0]
[759, 30, 0]
[759, 27, 0]
[759, 32, 0]
[761, 28, 0]
[761, 31, 0]
[762, 32, 0]
[762, 26, 0]
[763, 23, 0]
