/bin/python3.8 /home/mat/mat/all/sysoplab/projekt/fcfs_sjf.py
Algorytm FCFS:
[[0, 1, 0], [0, 9, 0], [0, 0, 0], [2, 16, 0], [3, 19, 0], [4, 9, 0], [4, 5, 0], [5, 5, 0], [8, 6, 0], [10, 17, 0], [13, 5, 0], [13, 11, 0], [14, 9, 0], [14, 11, 0], [15, 6, 0], [15, 16, 0], [15, 21, 0], [16, 15, 0], [17, 10, 0], [19, 14, 0], [20, 6, 0], [21, 13, 0], [21, 8, 0], [22, 5, 0], [22, 14, 0], [25, 5, 0], [25, 9, 0], [26, 9, 0], [26, 16, 0], [26, 10, 0], [27, 20, 0], [28, 5, 0], [29, 12, 0], [29, 5, 0], [31, 19, 0], [33, 6, 0], [35, 1, 0], [36, 15, 0], [36, 22, 0], [36, 8, 0], [37, 7, 0], [37, 18, 0], [37, 13, 0], [39, 17, 0], [41, 5, 0], [41, 8, 0], [41, 9, 0], [42, 12, 0], [42, 0, 0], [43, 15, 0], [43, 7, 0], [43, 13, 0], [45, 7, 0], [45, 13, 0], [45, 13, 0], [48, 6, 0], [48, 8, 0], [49, 8, 0], [49, 9, 0], [51, 2, 0], [53, 8, 0], [54, 12, 0], [54, 11, 0], [54, 10, 0], [57, 14, 0], [57, 11, 0], [58, 16, 0], [58, 11, 0], [58, 11, 0], [60, 15, 0], [60, 4, 0], [61, 14, 0], [61, 4, 0], [62, 12, 0], [62, 18, 0], [64, 10, 0], [64, 16, 0], [64, 12, 0], [65, 22, 0], [66, 12, 0], [66, 2, 0], [66, 2, 0], [67, 12, 0], [67, 7, 0], [67, 12, 0], [68, 14, 0], [68, 7, 0], [69, 6, 0], [69, 10, 0], [69, 6, 0], [70, 11, 0], [70, 13, 0], [70, 19, 0], [74, 7, 0], [74, 22, 0], [75, 9, 0], [76, 17, 0], [76, 12, 0], [77, 12, 0], [77, 13, 0]]
469.42
[[0, 0, 1], [0, 0, 10], [2, 0, 9], [3, 0, 24], [4, 0, 42], [4, 0, 51], [5, 0, 55], [8, 0, 57], [10, 0, 61], [13, 0, 77], [13, 0, 82], [14, 0, 92], [14, 0, 101], [15, 0, 111], [15, 0, 117], [15, 0, 133], [16, 0, 153], [17, 0, 167], [19, 0, 175], [20, 0, 188], [21, 0, 193], [21, 0, 206], [22, 0, 213], [22, 0, 218], [25, 0, 229], [25, 0, 234], [26, 0, 242], [26, 0, 251], [26, 0, 267], [27, 0, 276], [28, 0, 295], [29, 0, 299], [29, 0, 311], [31, 0, 315], [33, 0, 332], [35, 0, 336], [36, 0, 336], [36, 0, 351], [36, 0, 373], [37, 0, 380], [37, 0, 387], [37, 0, 405], [39, 0, 416], [41, 0, 431], [41, 0, 436], [41, 0, 444], [42, 0, 452], [42, 0, 464], [43, 0, 463], [43, 0, 478], [43, 0, 485], [45, 0, 496], [45, 0, 503], [45, 0, 516], [48, 0, 526], [48, 0, 532], [49, 0, 539], [49, 0, 547], [51, 0, 555], [53, 0, 555], [54, 0, 562], [54, 0, 574], [54, 0, 585], [57, 0, 592], [57, 0, 606], [58, 0, 616], [58, 0, 632], [58, 0, 643], [60, 0, 653], [60, 0, 668], [61, 0, 671], [61, 0, 685], [62, 0, 688], [62, 0, 700], [64, 0, 716], [64, 0, 726], [64, 0, 742], [65, 0, 753], [66, 0, 775], [66, 0, 787], [66, 0, 789], [67, 0, 790], [67, 0, 802], [67, 0, 809], [68, 0, 820], [68, 0, 834], [69, 0, 840], [69, 0, 846], [69, 0, 856], [70, 0, 861], [70, 0, 872], [70, 0, 885], [74, 0, 901], [74, 0, 908], [75, 0, 929], [76, 0, 937], [76, 0, 954], [77, 0, 965], [77, 13, 977]]
Algorytm SJF:
[[0, 1, 0], [0, 9, 0], [0, 0, 0], [2, 16, 0], [3, 19, 0], [4, 9, 0], [4, 5, 0], [5, 5, 0], [8, 6, 0], [10, 17, 0], [13, 5, 0], [13, 11, 0], [14, 9, 0], [14, 11, 0], [15, 6, 0], [15, 16, 0], [15, 21, 0], [16, 15, 0], [17, 10, 0], [19, 14, 0], [20, 6, 0], [21, 13, 0], [21, 8, 0], [22, 5, 0], [22, 14, 0], [25, 5, 0], [25, 9, 0], [26, 9, 0], [26, 16, 0], [26, 10, 0], [27, 20, 0], [28, 5, 0], [29, 12, 0], [29, 5, 0], [31, 19, 0], [33, 6, 0], [35, 1, 0], [36, 15, 0], [36, 22, 0], [36, 8, 0], [37, 7, 0], [37, 18, 0], [37, 13, 0], [39, 17, 0], [41, 5, 0], [41, 8, 0], [41, 9, 0], [42, 12, 0], [42, 0, 0], [43, 15, 0], [43, 7, 0], [43, 13, 0], [45, 7, 0], [45, 13, 0], [45, 13, 0], [48, 6, 0], [48, 8, 0], [49, 8, 0], [49, 9, 0], [51, 2, 0], [53, 8, 0], [54, 12, 0], [54, 11, 0], [54, 10, 0], [57, 14, 0], [57, 11, 0], [58, 16, 0], [58, 11, 0], [58, 11, 0], [60, 15, 0], [60, 4, 0], [61, 14, 0], [61, 4, 0], [62, 12, 0], [62, 18, 0], [64, 10, 0], [64, 16, 0], [64, 12, 0], [65, 22, 0], [66, 12, 0], [66, 2, 0], [66, 2, 0], [67, 12, 0], [67, 7, 0], [67, 12, 0], [68, 14, 0], [68, 7, 0], [69, 6, 0], [69, 10, 0], [69, 6, 0], [70, 11, 0], [70, 13, 0], [70, 19, 0], [74, 7, 0], [74, 22, 0], [75, 9, 0], [76, 17, 0], [76, 12, 0], [77, 12, 0], [77, 13, 0]]
347.63
[[0, 0, 1], [0, 0, 1], [2, 0, 727], [3, 0, 894], [4, 0, 195], [4, 0, 8], [5, 0, 12], [8, 0, 59], [10, 0, 800], [13, 0, 10], [13, 0, 300], [14, 0, 195], [14, 0, 310], [15, 0, 59], [15, 0, 732], [15, 0, 960], [16, 0, 655], [17, 0, 246], [19, 0, 583], [20, 0, 61], [21, 0, 490], [21, 0, 132], [22, 0, 7], [22, 0, 594], [25, 0, 11], [25, 0, 195], [26, 0, 203], [26, 0, 739], [26, 0, 249], [27, 0, 930], [28, 0, 13], [29, 0, 363], [29, 0, 19], [31, 0, 889], [33, 0, 56], [35, 0, 1], [36, 0, 653], [36, 0, 963], [36, 0, 127], [37, 0, 77], [37, 0, 829], [37, 0, 490], [39, 0, 794], [41, 0, 27], [41, 0, 132], [41, 0, 200], [42, 0, 365], [42, 0, 2], [43, 0, 663], [43, 0, 79], [43, 0, 498], [45, 0, 85], [45, 0, 510], [45, 0, 523], [48, 0, 51], [48, 0, 135], [49, 0, 142], [49, 0, 203], [51, 0, 0], [53, 0, 147], [54, 0, 368], [54, 0, 289], [54, 0, 237], [57, 0, 581], [57, 0, 298], [58, 0, 730], [58, 0, 308], [58, 0, 319], [60, 0, 665], [60, 0, 0], [61, 0, 592], [61, 0, 4], [62, 0, 374], [62, 0, 828], [64, 0, 239], [64, 0, 741], [64, 0, 384], [65, 0, 963], [66, 0, 395], [66, 0, 4], [66, 0, 6], [67, 0, 406], [67, 0, 75], [67, 0, 418], [68, 0, 600], [68, 0, 81], [69, 0, 40], [69, 0, 245], [69, 0, 46], [70, 0, 320], [70, 0, 516], [70, 0, 877], [74, 0, 84], [74, 22, 979], [75, 0, 192], [76, 0, 782], [76, 0, 423], [77, 0, 435], [77, 0, 525]]


