/bin/python3.8 /home/mat/mat/all/sysoplab/projekt/fcfs_sjf.py
Algorytm FCFS:
[[0, 12, 0], [0, 21, 0], [1, 23, 0], [1, 15, 0], [5, 22, 0], [5, 17, 0], [6, 22, 0], [9, 24, 0], [9, 25, 0], [10, 16, 0], [10, 19, 0], [10, 15, 0], [15, 18, 0], [16, 22, 0], [16, 24, 0], [18, 21, 0], [19, 13, 0], [19, 19, 0], [19, 17, 0], [20, 17, 0], [20, 22, 0], [20, 24, 0], [21, 16, 0], [23, 19, 0], [23, 8, 0], [24, 19, 0], [24, 21, 0], [24, 26, 0], [27, 24, 0], [28, 19, 0], [28, 20, 0], [29, 11, 0], [30, 20, 0], [30, 27, 0], [32, 23, 0], [32, 17, 0], [32, 15, 0], [33, 9, 0], [33, 24, 0], [34, 23, 0], [34, 10, 0], [35, 18, 0], [36, 15, 0], [37, 20, 0], [38, 24, 0], [38, 24, 0], [38, 23, 0], [39, 26, 0], [39, 20, 0], [39, 14, 0], [40, 13, 0], [40, 15, 0], [40, 25, 0], [41, 10, 0], [41, 14, 0], [41, 24, 0], [42, 25, 0], [42, 17, 0], [43, 13, 0], [45, 18, 0], [46, 21, 0], [46, 30, 0], [47, 14, 0], [47, 20, 0], [47, 24, 0], [48, 19, 0], [50, 30, 0], [50, 23, 0], [51, 16, 0], [51, 18, 0], [53, 23, 0], [53, 14, 0], [53, 20, 0], [55, 24, 0], [55, 15, 0], [55, 22, 0], [56, 18, 0], [56, 22, 0], [56, 18, 0], [59, 15, 0], [59, 19, 0], [59, 13, 0], [60, 13, 0], [61, 21, 0], [61, 22, 0], [61, 16, 0], [62, 20, 0], [62, 19, 0], [64, 26, 0], [65, 9, 0], [65, 11, 0], [66, 23, 0], [66, 24, 0], [67, 36, 0], [68, 17, 0], [68, 31, 0], [68, 6, 0], [69, 20, 0], [69, 21, 0], [69, 16, 0]]
913.42
[[0, 0, 12], [1, 0, 32], [1, 0, 55], [5, 0, 66], [5, 0, 88], [6, 0, 104], [9, 0, 123], [9, 0, 147], [10, 0, 171], [10, 0, 187], [10, 0, 206], [15, 0, 217], [16, 0, 234], [16, 0, 256], [18, 0, 278], [19, 0, 298], [19, 0, 311], [19, 0, 330], [20, 0, 346], [20, 0, 363], [20, 0, 385], [21, 0, 408], [23, 0, 422], [23, 0, 441], [24, 0, 448], [24, 0, 467], [24, 0, 488], [27, 0, 511], [28, 0, 534], [28, 0, 553], [29, 0, 572], [30, 0, 582], [30, 0, 602], [32, 0, 627], [32, 0, 650], [32, 0, 667], [33, 0, 681], [33, 0, 690], [34, 0, 713], [34, 0, 736], [35, 0, 746], [36, 0, 763], [37, 0, 777], [38, 0, 796], [38, 0, 820], [38, 0, 844], [39, 0, 866], [39, 0, 892], [39, 0, 912], [40, 0, 925], [40, 0, 938], [40, 0, 953], [41, 0, 977], [41, 0, 987], [41, 0, 1001], [42, 0, 1024], [42, 0, 1049], [43, 0, 1065], [45, 0, 1076], [46, 0, 1093], [46, 0, 1114], [47, 0, 1143], [47, 0, 1157], [47, 0, 1177], [48, 0, 1200], [50, 0, 1217], [50, 0, 1247], [51, 0, 1269], [51, 0, 1285], [53, 0, 1301], [53, 0, 1324], [53, 0, 1338], [55, 0, 1356], [55, 0, 1380], [55, 0, 1395], [56, 0, 1416], [56, 0, 1434], [56, 0, 1456], [59, 0, 1472], [59, 0, 1487], [59, 0, 1506], [60, 0, 1518], [61, 0, 1530], [61, 0, 1551], [61, 0, 1573], [62, 0, 1588], [62, 0, 1608], [64, 0, 1625], [65, 0, 1650], [65, 0, 1659], [66, 0, 1669], [66, 0, 1692], [67, 0, 1715], [68, 0, 1750], [68, 0, 1767], [68, 0, 1798], [69, 0, 1803], [69, 0, 1823], [69, 16, 1844]]
Algorytm SJF:
[[0, 12, 0], [0, 21, 0], [1, 23, 0], [1, 15, 0], [5, 22, 0], [5, 17, 0], [6, 22, 0], [9, 24, 0], [9, 25, 0], [10, 16, 0], [10, 19, 0], [10, 15, 0], [15, 18, 0], [16, 22, 0], [16, 24, 0], [18, 21, 0], [19, 13, 0], [19, 19, 0], [19, 17, 0], [20, 17, 0], [20, 22, 0], [20, 24, 0], [21, 16, 0], [23, 19, 0], [23, 8, 0], [24, 19, 0], [24, 21, 0], [24, 26, 0], [27, 24, 0], [28, 19, 0], [28, 20, 0], [29, 11, 0], [30, 20, 0], [30, 27, 0], [32, 23, 0], [32, 17, 0], [32, 15, 0], [33, 9, 0], [33, 24, 0], [34, 23, 0], [34, 10, 0], [35, 18, 0], [36, 15, 0], [37, 20, 0], [38, 24, 0], [38, 24, 0], [38, 23, 0], [39, 26, 0], [39, 20, 0], [39, 14, 0], [40, 13, 0], [40, 15, 0], [40, 25, 0], [41, 10, 0], [41, 14, 0], [41, 24, 0], [42, 25, 0], [42, 17, 0], [43, 13, 0], [45, 18, 0], [46, 21, 0], [46, 30, 0], [47, 14, 0], [47, 20, 0], [47, 24, 0], [48, 19, 0], [50, 30, 0], [50, 23, 0], [51, 16, 0], [51, 18, 0], [53, 23, 0], [53, 14, 0], [53, 20, 0], [55, 24, 0], [55, 15, 0], [55, 22, 0], [56, 18, 0], [56, 22, 0], [56, 18, 0], [59, 15, 0], [59, 19, 0], [59, 13, 0], [60, 13, 0], [61, 21, 0], [61, 22, 0], [61, 16, 0], [62, 20, 0], [62, 19, 0], [64, 26, 0], [65, 9, 0], [65, 11, 0], [66, 23, 0], [66, 24, 0], [67, 36, 0], [68, 17, 0], [68, 31, 0], [68, 6, 0], [69, 20, 0], [69, 21, 0], [69, 16, 0]]
771.67
[[0, 0, 914], [1, 0, 1193], [1, 0, 11], [5, 0, 1035], [5, 0, 387], [6, 0, 1056], [9, 0, 1346], [9, 0, 1610], [10, 0, 302], [10, 0, 592], [10, 0, 212], [15, 0, 480], [16, 0, 1069], [16, 0, 1364], [18, 0, 918], [19, 0, 83], [19, 0, 603], [19, 0, 391], [20, 0, 407], [20, 0, 1087], [20, 0, 1384], [21, 0, 308], [23, 0, 618], [23, 0, 5], [24, 0, 636], [24, 0, 933], [24, 0, 1671], [27, 0, 1401], [28, 0, 651], [28, 0, 727], [29, 0, 52], [30, 0, 746], [30, 0, 1744], [32, 0, 1187], [32, 0, 413], [32, 0, 207], [33, 0, 4], [33, 0, 1420], [34, 0, 1208], [34, 0, 12], [35, 0, 479], [36, 0, 218], [37, 0, 759], [38, 0, 1440], [38, 0, 1464], [38, 0, 1228], [39, 0, 1684], [39, 0, 778], [39, 0, 130], [40, 0, 77], [40, 0, 230], [40, 0, 1607], [41, 0, 16], [41, 0, 142], [41, 0, 1485], [42, 0, 1630], [42, 0, 421], [43, 0, 87], [45, 0, 488], [46, 0, 934], [46, 0, 1756], [47, 0, 150], [47, 0, 790], [47, 0, 1503], [48, 0, 653], [50, 0, 1783], [50, 0, 1240], [51, 0, 297], [51, 0, 501], [53, 0, 1260], [53, 0, 159], [53, 0, 805], [55, 0, 1520], [55, 0, 231], [55, 0, 1077], [56, 0, 514], [56, 0, 1098], [56, 0, 532], [59, 0, 243], [59, 0, 662], [59, 0, 86], [60, 0, 98], [61, 0, 942], [61, 0, 1116], [61, 0, 304], [62, 0, 817], [62, 0, 678], [64, 0, 1687], [65, 0, 10], [65, 0, 30], [66, 0, 1271], [66, 0, 1534], [67, 36, 1828], [68, 0, 414], [68, 0, 1796], [68, 0, 1], [69, 0, 830], [69, 0, 955], [69, 0, 312]]

Process finished with exit code 0

