/bin/python3.8 /home/mat/mat/all/sysoplab/projekt/fcfs_sjf.py
Algorytm FCFS:
[[1, 29, 0], [1, 25, 0], [2, 28, 0], [3, 22, 0], [5, 28, 0], [5, 22, 0], [7, 30, 0], [8, 29, 0], [8, 24, 0], [8, 33, 0]]
115.1
[[1, 0, 29], [2, 0, 53], [3, 0, 80], [5, 0, 100], [5, 0, 128], [7, 0, 148], [8, 0, 177], [8, 0, 206], [8, 33, 230]]
Algorytm SJF:
[[1, 29, 0], [1, 25, 0], [2, 28, 0], [3, 22, 0], [5, 28, 0], [5, 22, 0], [7, 30, 0], [8, 29, 0], [8, 24, 0], [8, 33, 0]]
110.6
[[1, 0, 97], [2, 0, 121], [3, 0, 27], [5, 0, 146], [5, 0, 47], [7, 0, 201], [8, 0, 171], [8, 0, 66], [8, 33, 230]]

Process finished with exit code 0

