/bin/python3.8 /home/mat/mat/all/sysoplab/projekt/fcfs_sjf.py
Algorytm FCFS:
[[1, 20, 0], [1, 25, 0], [3, 25, 0], [3, 25, 0], [3, 27, 0], [4, 29, 0], [5, 25, 0], [5, 33, 0], [5, 32, 0], [6, 25, 0], [6, 25, 0], [7, 40, 0], [9, 26, 0], [10, 27, 0], [11, 26, 0], [11, 37, 0], [11, 38, 0], [12, 19, 0], [14, 33, 0], [14, 28, 0], [16, 22, 0], [16, 26, 0], [19, 32, 0], [21, 33, 0], [21, 26, 0], [21, 30, 0], [22, 33, 0], [22, 36, 0], [22, 27, 0], [23, 27, 0], [25, 22, 0], [26, 29, 0], [27, 34, 0], [27, 33, 0], [27, 24, 0], [28, 30, 0], [28, 24, 0], [29, 28, 0], [29, 34, 0], [29, 19, 0], [31, 40, 0], [31, 29, 0], [32, 37, 0], [32, 32, 0], [32, 34, 0], [33, 17, 0], [33, 15, 0], [35, 26, 0], [37, 32, 0], [38, 31, 0], [38, 19, 0], [39, 28, 0], [39, 38, 0], [41, 30, 0], [41, 28, 0], [42, 30, 0], [42, 35, 0], [42, 36, 0], [43, 32, 0], [43, 25, 0], [44, 28, 0], [46, 28, 0], [46, 31, 0], [48, 27, 0], [48, 25, 0], [48, 22, 0], [49, 31, 0], [49, 37, 0], [50, 30, 0], [51, 24, 0], [52, 32, 0], [52, 33, 0], [52, 16, 0], [54, 29, 0], [57, 30, 0], [57, 23, 0], [57, 22, 0], [58, 25, 0], [58, 30, 0], [59, 27, 0], [59, 29, 0], [59, 28, 0], [61, 28, 0], [61, 32, 0], [64, 31, 0], [64, 28, 0], [64, 31, 0], [66, 30, 0], [66, 20, 0], [67, 33, 0], [69, 30, 0], [69, 36, 0], [70, 30, 0], [70, 22, 0], [70, 26, 0], [71, 26, 0], [71, 29, 0], [72, 36, 0], [73, 26, 0], [73, 33, 0]]
1376.82
[[1, 0, 20], [3, 0, 43], [3, 0, 68], [3, 0, 93], [4, 0, 119], [5, 0, 147], [5, 0, 172], [5, 0, 205], [6, 0, 236], [6, 0, 261], [7, 0, 285], [9, 0, 323], [10, 0, 348], [11, 0, 374], [11, 0, 400], [11, 0, 437], [12, 0, 474], [14, 0, 491], [14, 0, 524], [16, 0, 550], [16, 0, 572], [19, 0, 595], [21, 0, 625], [21, 0, 658], [21, 0, 684], [22, 0, 714], [22, 0, 747], [22, 0, 783], [23, 0, 809], [25, 0, 834], [26, 0, 855], [27, 0, 883], [27, 0, 917], [27, 0, 950], [28, 0, 973], [28, 0, 1003], [29, 0, 1026], [29, 0, 1054], [29, 0, 1088], [31, 0, 1105], [31, 0, 1145], [32, 0, 1173], [32, 0, 1210], [32, 0, 1242], [33, 0, 1275], [33, 0, 1292], [35, 0, 1305], [37, 0, 1329], [38, 0, 1360], [38, 0, 1391], [39, 0, 1409], [39, 0, 1437], [41, 0, 1473], [41, 0, 1503], [42, 0, 1530], [42, 0, 1560], [42, 0, 1595], [43, 0, 1630], [43, 0, 1662], [44, 0, 1686], [46, 0, 1712], [46, 0, 1740], [48, 0, 1770], [48, 0, 1797], [48, 0, 1822], [49, 0, 1843], [49, 0, 1874], [50, 0, 1910], [51, 0, 1939], [52, 0, 1962], [52, 0, 1994], [52, 0, 2027], [54, 0, 2041], [57, 0, 2067], [57, 0, 2097], [57, 0, 2120], [58, 0, 2141], [58, 0, 2166], [59, 0, 2195], [59, 0, 2222], [59, 0, 2251], [61, 0, 2277], [61, 0, 2305], [64, 0, 2334], [64, 0, 2365], [64, 0, 2393], [66, 0, 2422], [66, 0, 2452], [67, 0, 2471], [69, 0, 2502], [69, 0, 2532], [70, 0, 2567], [70, 0, 2597], [70, 0, 2619], [71, 0, 2644], [71, 0, 2670], [72, 0, 2698], [73, 0, 2733], [73, 33, 2759]]
Algorytm SJF:
[[1, 20, 0], [1, 25, 0], [3, 25, 0], [3, 25, 0], [3, 27, 0], [4, 29, 0], [5, 25, 0], [5, 33, 0], [5, 32, 0], [6, 25, 0], [6, 25, 0], [7, 40, 0], [9, 26, 0], [10, 27, 0], [11, 26, 0], [11, 37, 0], [11, 38, 0], [12, 19, 0], [14, 33, 0], [14, 28, 0], [16, 22, 0], [16, 26, 0], [19, 32, 0], [21, 33, 0], [21, 26, 0], [21, 30, 0], [22, 33, 0], [22, 36, 0], [22, 27, 0], [23, 27, 0], [25, 22, 0], [26, 29, 0], [27, 34, 0], [27, 33, 0], [27, 24, 0], [28, 30, 0], [28, 24, 0], [29, 28, 0], [29, 34, 0], [29, 19, 0], [31, 40, 0], [31, 29, 0], [32, 37, 0], [32, 32, 0], [32, 34, 0], [33, 17, 0], [33, 15, 0], [35, 26, 0], [37, 32, 0], [38, 31, 0], [38, 19, 0], [39, 28, 0], [39, 38, 0], [41, 30, 0], [41, 28, 0], [42, 30, 0], [42, 35, 0], [42, 36, 0], [43, 32, 0], [43, 25, 0], [44, 28, 0], [46, 28, 0], [46, 31, 0], [48, 27, 0], [48, 25, 0], [48, 22, 0], [49, 31, 0], [49, 37, 0], [50, 30, 0], [51, 24, 0], [52, 32, 0], [52, 33, 0], [52, 16, 0], [54, 29, 0], [57, 30, 0], [57, 23, 0], [57, 22, 0], [58, 25, 0], [58, 30, 0], [59, 27, 0], [59, 29, 0], [59, 28, 0], [61, 28, 0], [61, 32, 0], [64, 31, 0], [64, 28, 0], [64, 31, 0], [66, 30, 0], [66, 20, 0], [67, 33, 0], [69, 30, 0], [69, 36, 0], [70, 30, 0], [70, 22, 0], [70, 26, 0], [71, 26, 0], [71, 29, 0], [72, 36, 0], [73, 26, 0], [73, 33, 0]]
1236.56
[[1, 0, 350], [3, 0, 373], [3, 0, 398], [3, 0, 781], [4, 0, 1194], [5, 0, 421], [5, 0, 2046], [5, 0, 1822], [6, 0, 445], [6, 0, 470], [7, 0, 2776], [9, 0, 567], [10, 0, 801], [11, 0, 591], [11, 0, 2585], [11, 0, 2696], [12, 0, 9], [14, 0, 2070], [14, 0, 932], [16, 0, 130], [16, 0, 612], [19, 0, 1840], [21, 0, 2096], [21, 0, 633], [21, 0, 1351], [22, 0, 2129], [22, 0, 2431], [22, 0, 817], [23, 0, 843], [25, 0, 144], [26, 0, 1202], [27, 0, 2289], [27, 0, 2157], [27, 0, 253], [28, 0, 1375], [28, 0, 276], [29, 0, 946], [29, 0, 2321], [29, 0, 60], [31, 40, 2793], [31, 0, 1226], [32, 0, 2602], [32, 0, 1860], [32, 0, 2352], [33, 0, 39], [33, 0, 8], [35, 0, 646], [37, 0, 1887], [38, 0, 1635], [38, 0, 70], [39, 0, 964], [39, 0, 2707], [41, 0, 1392], [41, 0, 990], [42, 0, 1422], [42, 0, 2377], [42, 0, 2448], [43, 0, 1914], [43, 0, 460], [44, 0, 1016], [46, 0, 1042], [46, 0, 1659], [48, 0, 846], [48, 0, 480], [48, 0, 144], [49, 0, 1687], [49, 0, 2623], [50, 0, 1444], [51, 0, 278], [52, 0, 1937], [52, 0, 2166], [52, 0, 5], [54, 0, 1233], [57, 0, 1467], [57, 0, 201], [57, 0, 157], [58, 0, 496], [58, 0, 1497], [59, 0, 863], [59, 0, 1258], [59, 0, 1058], [61, 0, 1084], [61, 0, 1961], [64, 0, 1704], [64, 0, 1109], [64, 0, 1735], [66, 0, 1519], [66, 0, 63], [67, 0, 2185], [69, 0, 1546], [69, 0, 2458], [70, 0, 1575], [70, 0, 167], [70, 0, 639], [71, 0, 664], [71, 0, 1275], [72, 0, 2491], [73, 0, 688], [73, 0, 2212]]

Process finished with exit code 0

